c ind 32 33 34 35 36 37 38 39 40 41 42 43 44 45 46 47 16 17 18 19 20 21 22 23 24 25 26 27 28 29 30 31 0
p cnf 423 1053
-1 -3 0
2 -3 0
1 -2 3 0
-1 -4 0
-2 -4 0
1 2 4 0
-1 -6 0
-2 -6 0
5 -6 0
1 2 -5 6 0
-1 -7 0
-2 -7 0
-5 -7 0
1 2 5 7 0
-1 -9 0
-2 -9 0
-5 -9 0
8 -9 0
1 2 5 -8 9 0
-1 -10 0
-2 -10 0
-5 -10 0
-8 -10 0
1 2 5 8 10 0
-1 -12 0
-2 -12 0
11 -12 0
1 2 -11 12 0
-1 -13 0
-2 -13 0
-11 -13 0
1 2 11 13 0
-1 -15 0
-2 -15 0
14 -15 0
1 2 -14 15 0
-32 -48 0
-33 -48 0
-34 -48 0
-35 -48 0
-36 -48 0
-37 -48 0
-38 -48 0
-39 -48 0
-40 -48 0
-41 -48 0
-42 -48 0
-43 -48 0
-44 -48 0
-45 -48 0
-46 -48 0
-47 -48 0
32 33 34 35 36 37 38 39 40 41 42 43 44 45 46 47 48 0
32 -49 0
-33 -49 0
-34 -49 0
-35 -49 0
-36 -49 0
-37 -49 0
-38 -49 0
-39 -49 0
-40 -49 0
-41 -49 0
-42 -49 0
-43 -49 0
-44 -49 0
-45 -49 0
-46 -49 0
-47 -49 0
-32 33 34 35 36 37 38 39 40 41 42 43 44 45 46 47 49 0
-48 50 0
-49 50 0
48 49 -50 0
-1 50 -51 0
1 -50 -51 0
-1 -50 51 0
1 50 51 0
-51 0
-18 -52 0
-17 18 -52 0
17 18 52 0
-19 -53 0
19 52 -53 0
19 -52 53 0
-20 -54 0
20 53 -54 0
20 -53 54 0
-21 -55 0
21 54 -55 0
21 -54 55 0
-22 -56 0
22 55 -56 0
22 -55 56 0
-23 -57 0
23 56 -57 0
23 -56 57 0
-24 -58 0
24 57 -58 0
24 -57 58 0
-25 -59 0
25 58 -59 0
25 -58 59 0
-26 -60 0
26 59 -60 0
26 -59 60 0
-27 -61 0
27 60 -61 0
27 -60 61 0
-28 -62 0
28 61 -62 0
28 -61 62 0
-29 -63 0
29 62 -63 0
29 -62 63 0
-30 -64 0
30 63 -64 0
30 -63 64 0
-31 -65 0
31 64 -65 0
31 -64 65 0
-31 -66 0
31 65 -66 0
31 -65 66 0
-31 -67 0
31 66 -67 0
31 -66 67 0
-31 -68 0
31 67 -68 0
31 -67 68 0
-31 -69 0
31 68 -69 0
31 -68 69 0
-31 -70 0
31 69 -70 0
31 -69 70 0
-31 -71 0
31 70 -71 0
31 -70 71 0
-31 -72 0
31 71 -72 0
31 -71 72 0
-31 -73 0
31 72 -73 0
31 -72 73 0
-31 -74 0
31 73 -74 0
31 -73 74 0
-31 -75 0
31 74 -75 0
31 -74 75 0
-31 -76 0
31 75 -76 0
31 -75 76 0
-31 -77 0
31 76 -77 0
31 -76 77 0
-31 -78 0
31 77 -78 0
31 -77 78 0
-31 -79 0
31 78 -79 0
31 -78 79 0
-31 -80 0
31 79 -80 0
31 -79 80 0
-31 -81 0
31 80 -81 0
31 -80 81 0
31 -81 -82 0
-31 81 -82 0
31 81 82 0
-31 -81 82 0
16 -83 0
-17 -83 0
-18 -83 0
-19 -83 0
-20 -83 0
-21 -83 0
-22 -83 0
-23 -83 0
-24 -83 0
-25 -83 0
-26 -83 0
-27 -83 0
-28 -83 0
-29 -83 0
-30 -83 0
-31 -83 0
-16 17 18 19 20 21 22 23 24 25 26 27 28 29 30 31 83 0
-82 84 0
-83 84 0
82 83 -84 0
-18 -19 -85 0
18 -19 85 0
19 85 0
-20 -86 0
20 85 -86 0
20 -85 86 0
-21 -87 0
21 86 -87 0
21 -86 87 0
-22 -88 0
22 87 -88 0
22 -87 88 0
-23 -89 0
23 88 -89 0
23 -88 89 0
-24 -90 0
24 89 -90 0
24 -89 90 0
-25 -91 0
25 90 -91 0
25 -90 91 0
-26 -92 0
26 91 -92 0
26 -91 92 0
-27 -93 0
27 92 -93 0
27 -92 93 0
-28 -94 0
28 93 -94 0
28 -93 94 0
-29 -95 0
29 94 -95 0
29 -94 95 0
-30 -96 0
30 95 -96 0
30 -95 96 0
-31 -97 0
31 96 -97 0
31 -96 97 0
-31 -98 0
31 97 -98 0
31 -97 98 0
-31 -99 0
31 98 -99 0
31 -98 99 0
-31 -100 0
31 99 -100 0
31 -99 100 0
-31 -101 0
31 100 -101 0
31 -100 101 0
-31 -102 0
31 101 -102 0
31 -101 102 0
-31 -103 0
31 102 -103 0
31 -102 103 0
-31 -104 0
31 103 -104 0
31 -103 104 0
-31 -105 0
31 104 -105 0
31 -104 105 0
-31 -106 0
31 105 -106 0
31 -105 106 0
-31 -107 0
31 106 -107 0
31 -106 107 0
-31 -108 0
31 107 -108 0
31 -107 108 0
-31 -109 0
31 108 -109 0
31 -108 109 0
-31 -110 0
31 109 -110 0
31 -109 110 0
-31 -111 0
31 110 -111 0
31 -110 111 0
-31 -112 0
31 111 -112 0
31 -111 112 0
-31 -113 0
31 112 -113 0
31 -112 113 0
31 -113 -114 0
-31 113 -114 0
31 113 114 0
-31 -113 114 0
16 -115 0
17 -115 0
-18 -115 0
19 -115 0
-20 -115 0
-21 -115 0
-22 -115 0
-23 -115 0
-24 -115 0
-25 -115 0
-26 -115 0
-27 -115 0
-28 -115 0
-29 -115 0
-30 -115 0
-31 -115 0
-16 -17 18 -19 20 21 22 23 24 25 26 27 28 29 30 31 115 0
-114 116 0
-115 116 0
114 115 -116 0
84 -117 0
-116 -117 0
-84 116 117 0
-2 117 -118 0
2 -117 -118 0
-2 -117 118 0
2 117 118 0
-118 0
-120 -151 0
-119 120 -151 0
119 120 151 0
-121 -152 0
121 151 -152 0
121 -151 152 0
-122 -153 0
122 152 -153 0
122 -152 153 0
-123 -154 0
123 153 -154 0
123 -153 154 0
-124 -155 0
124 154 -155 0
124 -154 155 0
-125 -156 0
125 155 -156 0
125 -155 156 0
-126 -157 0
126 156 -157 0
126 -156 157 0
-127 -158 0
127 157 -158 0
127 -157 158 0
-128 -159 0
128 158 -159 0
128 -158 159 0
-129 -160 0
129 159 -160 0
129 -159 160 0
-130 -161 0
130 160 -161 0
130 -160 161 0
-131 -162 0
131 161 -162 0
131 -161 162 0
-132 -163 0
132 162 -163 0
132 -162 163 0
-133 -164 0
133 163 -164 0
133 -163 164 0
-134 -165 0
134 164 -165 0
134 -164 165 0
-134 -166 0
134 165 -166 0
134 -165 166 0
-134 -167 0
134 166 -167 0
134 -166 167 0
-134 -168 0
134 167 -168 0
134 -167 168 0
-134 -169 0
134 168 -169 0
134 -168 169 0
-134 -170 0
134 169 -170 0
134 -169 170 0
-134 -171 0
134 170 -171 0
134 -170 171 0
-134 -172 0
134 171 -172 0
134 -171 172 0
-134 -173 0
134 172 -173 0
134 -172 173 0
-134 -174 0
134 173 -174 0
134 -173 174 0
-134 -175 0
134 174 -175 0
134 -174 175 0
-134 -176 0
134 175 -176 0
134 -175 176 0
-134 -177 0
134 176 -177 0
134 -176 177 0
-134 -178 0
134 177 -178 0
134 -177 178 0
-134 -179 0
134 178 -179 0
134 -178 179 0
-134 -180 0
134 179 -180 0
134 -179 180 0
-134 -181 0
134 180 -181 0
134 -180 181 0
134 -181 -182 0
-134 181 -182 0
134 181 182 0
-134 -181 182 0
-119 -183 0
-120 -183 0
-121 -183 0
-122 -183 0
-123 -183 0
-124 -183 0
-125 -183 0
-126 -183 0
-127 -183 0
-128 -183 0
-129 -183 0
-130 -183 0
-131 -183 0
-132 -183 0
-133 -183 0
-134 -183 0
119 120 121 122 123 124 125 126 127 128 129 130 131 132 133 134 183 0
-182 184 0
-183 184 0
182 183 -184 0
-5 184 -185 0
5 -184 -185 0
-5 -184 185 0
5 184 185 0
-185 0
-122 -186 0
-121 122 -186 0
121 122 186 0
-123 -187 0
123 186 -187 0
123 -186 187 0
-124 -188 0
124 187 -188 0
124 -187 188 0
-125 -189 0
125 188 -189 0
125 -188 189 0
-126 -190 0
126 189 -190 0
126 -189 190 0
-127 -191 0
127 190 -191 0
127 -190 191 0
-128 -192 0
128 191 -192 0
128 -191 192 0
-129 -193 0
129 192 -193 0
129 -192 193 0
-130 -194 0
130 193 -194 0
130 -193 194 0
-131 -195 0
131 194 -195 0
131 -194 195 0
-132 -196 0
132 195 -196 0
132 -195 196 0
-133 -197 0
133 196 -197 0
133 -196 197 0
-134 -198 0
134 197 -198 0
134 -197 198 0
-134 -199 0
134 198 -199 0
134 -198 199 0
-134 -200 0
134 199 -200 0
134 -199 200 0
-134 -201 0
134 200 -201 0
134 -200 201 0
-134 -202 0
134 201 -202 0
134 -201 202 0
-134 -203 0
134 202 -203 0
134 -202 203 0
-134 -204 0
134 203 -204 0
134 -203 204 0
-134 -205 0
134 204 -205 0
134 -204 205 0
-134 -206 0
134 205 -206 0
134 -205 206 0
-134 -207 0
134 206 -207 0
134 -206 207 0
-134 -208 0
134 207 -208 0
134 -207 208 0
-134 -209 0
134 208 -209 0
134 -208 209 0
-134 -210 0
134 209 -210 0
134 -209 210 0
-134 -211 0
134 210 -211 0
134 -210 211 0
-134 -212 0
134 211 -212 0
134 -211 212 0
-134 -213 0
134 212 -213 0
134 -212 213 0
-134 -214 0
134 213 -214 0
134 -213 214 0
134 -214 -215 0
-134 214 -215 0
134 214 215 0
-134 -214 215 0
119 -216 0
120 -216 0
-121 -216 0
-122 -216 0
-123 -216 0
-124 -216 0
-125 -216 0
-126 -216 0
-127 -216 0
-128 -216 0
-129 -216 0
-130 -216 0
-131 -216 0
-132 -216 0
-133 -216 0
-134 -216 0
-119 -120 121 122 123 124 125 126 127 128 129 130 131 132 133 134 216 0
-215 217 0
-216 217 0
215 216 -217 0
-8 -217 -218 0
8 217 -218 0
-8 217 218 0
8 -217 218 0
-218 0
-8 -235 0
219 -235 0
8 -219 235 0
-8 236 0
-220 236 0
8 220 -236 0
-8 -237 0
221 -237 0
8 -221 237 0
-8 -238 0
222 -238 0
8 -222 238 0
-8 -239 0
223 -239 0
8 -223 239 0
-8 -240 0
224 -240 0
8 -224 240 0
-8 -241 0
225 -241 0
8 -225 241 0
-8 -242 0
226 -242 0
8 -226 242 0
-8 -243 0
227 -243 0
8 -227 243 0
-8 -244 0
228 -244 0
8 -228 244 0
-8 -245 0
229 -245 0
8 -229 245 0
-8 -246 0
230 -246 0
8 -230 246 0
-8 -247 0
231 -247 0
8 -231 247 0
-8 -248 0
232 -248 0
8 -232 248 0
-8 -249 0
233 -249 0
8 -233 249 0
-8 -250 0
234 -250 0
8 -234 250 0
-5 -251 0
235 -251 0
5 -235 251 0
-5 -252 0
236 -252 0
5 -236 252 0
-5 -253 0
237 -253 0
5 -237 253 0
-5 -254 0
238 -254 0
5 -238 254 0
-5 -255 0
239 -255 0
5 -239 255 0
-5 -256 0
240 -256 0
5 -240 256 0
-5 -257 0
241 -257 0
5 -241 257 0
-5 -258 0
242 -258 0
5 -242 258 0
-5 -259 0
243 -259 0
5 -243 259 0
-5 -260 0
244 -260 0
5 -244 260 0
-5 -261 0
245 -261 0
5 -245 261 0
-5 -262 0
246 -262 0
5 -246 262 0
-5 -263 0
247 -263 0
5 -247 263 0
-5 -264 0
248 -264 0
5 -248 264 0
-5 -265 0
249 -265 0
5 -249 265 0
-5 -266 0
250 -266 0
5 -250 266 0
-251 -267 0
-252 -267 0
-253 -267 0
-254 -267 0
-255 -267 0
-256 -267 0
-257 -267 0
-258 -267 0
-259 -267 0
-260 -267 0
-261 -267 0
-262 -267 0
-263 -267 0
-264 -267 0
-265 -267 0
-266 -267 0
251 252 253 254 255 256 257 258 259 260 261 262 263 264 265 266 267 0
-11 -267 -268 0
11 267 -268 0
-11 267 268 0
11 -267 268 0
-268 0
-16 -17 -269 0
16 -17 269 0
17 269 0
-18 269 -270 0
-18 -269 270 0
18 270 0
-19 -271 0
19 270 -271 0
19 -270 271 0
-20 -272 0
20 271 -272 0
20 -271 272 0
-21 -273 0
21 272 -273 0
21 -272 273 0
-22 -274 0
22 273 -274 0
22 -273 274 0
-23 -275 0
23 274 -275 0
23 -274 275 0
-24 -276 0
24 275 -276 0
24 -275 276 0
-25 -277 0
25 276 -277 0
25 -276 277 0
-26 -278 0
26 277 -278 0
26 -277 278 0
-27 -279 0
27 278 -279 0
27 -278 279 0
-28 -280 0
28 279 -280 0
28 -279 280 0
-29 -281 0
29 280 -281 0
29 -280 281 0
-30 -282 0
30 281 -282 0
30 -281 282 0
-31 -283 0
31 282 -283 0
31 -282 283 0
-31 -284 0
31 283 -284 0
31 -283 284 0
-31 -285 0
31 284 -285 0
31 -284 285 0
-31 -286 0
31 285 -286 0
31 -285 286 0
-31 -287 0
31 286 -287 0
31 -286 287 0
-31 -288 0
31 287 -288 0
31 -287 288 0
-31 -289 0
31 288 -289 0
31 -288 289 0
-31 -290 0
31 289 -290 0
31 -289 290 0
-31 -291 0
31 290 -291 0
31 -290 291 0
-31 -292 0
31 291 -292 0
31 -291 292 0
-31 -293 0
31 292 -293 0
31 -292 293 0
-31 -294 0
31 293 -294 0
31 -293 294 0
-31 -295 0
31 294 -295 0
31 -294 295 0
-31 -296 0
31 295 -296 0
31 -295 296 0
-31 -297 0
31 296 -297 0
31 -296 297 0
-31 -298 0
31 297 -298 0
31 -297 298 0
-31 -299 0
31 298 -299 0
31 -298 299 0
31 -299 -300 0
-31 299 -300 0
31 299 300 0
-31 -299 300 0
-16 -301 0
17 -301 0
18 -301 0
-19 -301 0
-20 -301 0
-21 -301 0
-22 -301 0
-23 -301 0
-24 -301 0
-25 -301 0
-26 -301 0
-27 -301 0
-28 -301 0
-29 -301 0
-30 -301 0
-31 -301 0
16 -17 -18 19 20 21 22 23 24 25 26 27 28 29 30 31 301 0
-300 302 0
-301 302 0
300 301 -302 0
11 -302 303 0
11 302 -303 0
-11 302 303 0
-11 -302 -303 0
-32 -303 -304 0
32 303 -304 0
32 -303 304 0
-32 303 304 0
-304 -305 0
-33 -305 0
-34 -305 0
-35 -305 0
-36 -305 0
-37 -305 0
-38 -305 0
-39 -305 0
-40 -305 0
-41 -305 0
-42 -305 0
-43 -305 0
-44 -305 0
-45 -305 0
-46 -305 0
-47 -305 0
33 34 35 36 37 38 39 40 41 42 43 44 45 46 47 304 305 0
-14 -305 -306 0
14 305 -306 0
-14 305 306 0
14 -305 306 0
-306 0
-2 -307 0
14 -307 0
2 -14 307 0
-1 308 0
-2 308 0
1 2 -308 0
-1 -309 0
307 -309 0
1 -307 309 0
309 -310 0
-309 310 0
310 0
-308 -311 0
308 311 0
311 0
16 -312 0
-16 312 0
17 -313 0
-17 313 0
18 -314 0
-18 314 0
19 -315 0
-19 315 0
20 -316 0
-20 316 0
21 -317 0
-21 317 0
22 -318 0
-22 318 0
23 -319 0
-23 319 0
24 -320 0
-24 320 0
25 -321 0
-25 321 0
26 -322 0
-26 322 0
27 -323 0
-27 323 0
28 -324 0
-28 324 0
29 -325 0
-29 325 0
30 -326 0
-30 326 0
31 -327 0
-31 327 0
32 -328 0
-32 328 0
33 -329 0
-33 329 0
34 -330 0
-34 330 0
35 -331 0
-35 331 0
36 -332 0
-36 332 0
37 -333 0
-37 333 0
38 -334 0
-38 334 0
39 -335 0
-39 335 0
40 -336 0
-40 336 0
41 -337 0
-41 337 0
42 -338 0
-42 338 0
43 -339 0
-43 339 0
44 -340 0
-44 340 0
45 -341 0
-45 341 0
46 -342 0
-46 342 0
47 -343 0
-47 343 0
119 -344 0
-119 344 0
120 -345 0
-120 345 0
121 -346 0
-121 346 0
122 -347 0
-122 347 0
123 -348 0
-123 348 0
124 -349 0
-124 349 0
125 -350 0
-125 350 0
126 -351 0
-126 351 0
127 -352 0
-127 352 0
128 -353 0
-128 353 0
129 -354 0
-129 354 0
130 -355 0
-130 355 0
131 -356 0
-131 356 0
132 -357 0
-132 357 0
133 -358 0
-133 358 0
134 -359 0
-134 359 0
251 -360 0
-251 360 0
252 -361 0
-252 361 0
253 -362 0
-253 362 0
254 -363 0
-254 363 0
255 -364 0
-255 364 0
256 -365 0
-256 365 0
257 -366 0
-257 366 0
258 -367 0
-258 367 0
259 -368 0
-259 368 0
260 -369 0
-260 369 0
261 -370 0
-261 370 0
262 -371 0
-262 371 0
263 -372 0
-263 372 0
264 -373 0
-264 373 0
265 -374 0
-265 374 0
266 -375 0
-266 375 0
16 -376 0
-16 376 0
17 -377 0
-17 377 0
18 -378 0
-18 378 0
19 -379 0
-19 379 0
20 -380 0
-20 380 0
21 -381 0
-21 381 0
22 -382 0
-22 382 0
23 -383 0
-23 383 0
24 -384 0
-24 384 0
25 -385 0
-25 385 0
26 -386 0
-26 386 0
27 -387 0
-27 387 0
28 -388 0
-28 388 0
29 -389 0
-29 389 0
30 -390 0
-30 390 0
31 -391 0
-31 391 0
16 -392 0
-16 392 0
17 -393 0
-17 393 0
18 -394 0
-18 394 0
19 -395 0
-19 395 0
20 -396 0
-20 396 0
21 -397 0
-21 397 0
22 -398 0
-22 398 0
23 -399 0
-23 399 0
24 -400 0
-24 400 0
25 -401 0
-25 401 0
26 -402 0
-26 402 0
27 -403 0
-27 403 0
28 -404 0
-28 404 0
29 -405 0
-29 405 0
30 -406 0
-30 406 0
31 -407 0
-31 407 0
32 -408 0
-32 408 0
33 -409 0
-33 409 0
34 -410 0
-34 410 0
35 -411 0
-35 411 0
36 -412 0
-36 412 0
37 -413 0
-37 413 0
38 -414 0
-38 414 0
39 -415 0
-39 415 0
40 -416 0
-40 416 0
41 -417 0
-41 417 0
42 -418 0
-42 418 0
43 -419 0
-43 419 0
44 -420 0
-44 420 0
45 -421 0
-45 421 0
46 -422 0
-46 422 0
47 -423 0
-47 423 0
c goto_symex::\guard#1 1
c goto_symex::\guard#2 2
c goto_symex::\guard#3 5
c goto_symex::\guard#4 8
c goto_symex::\guard#5 11
c goto_symex::\guard#6 14
c symex::io::1 408 409 410 411 412 413 414 415 416 417 418 419 420 421 422 423
c symex::args::4 376 377 378 379 380 381 382 383 384 385 386 387 388 389 390 391
c symex::args::3 360 361 362 363 364 365 366 367 368 369 370 371 372 373 374 375
c symex::args::1 328 329 330 331 332 333 334 335 336 337 338 339 340 341 342 343
c symex::nondet3 219 220 221 222 223 224 225 226 227 228 229 230 231 232 233 234
c credit#return_value!0#3 302 FALSE FALSE FALSE FALSE FALSE FALSE FALSE FALSE FALSE FALSE FALSE FALSE FALSE FALSE FALSE
c symex::args::0 312 313 314 315 316 317 318 319 320 321 322 323 324 325 326 327
c short_to_range::val!0@1#1 119 120 121 122 123 124 125 126 127 128 129 130 131 132 133 134
c __CPROVER__start::decision!0#2 32 33 34 35 36 37 38 39 40 41 42 43 44 45 46 47
c testfun::$tmp::return_value_nondet_short!0@1#2 119 120 121 122 123 124 125 126 127 128 129 130 131 132 133 134 135 136 137 138 139 140 141 142 143 144 145 146 147 148 149 150
c short_to_range#return_value!0#7 251 252 253 254 255 256 257 258 259 260 261 262 263 264 265 266
c symex::io::0 392 393 394 395 396 397 398 399 400 401 402 403 404 405 406 407
c short_to_range#return_value!0#6 235 236 237 238 239 240 241 242 243 244 245 246 247 248 249 250
c testfun::1::gender!0@1#2 119 120 121 122 123 124 125 126 127 128 129 130 131 132 133 134
c symex::nondet0 16 17 18 19 20 21 22 23 24 25 26 27 28 29 30 31
c testfun::1::gender!0@1#3 251 252 253 254 255 256 257 258 259 260 261 262 263 264 265 266
c testfun::amount!0@1#1 16 17 18 19 20 21 22 23 24 25 26 27 28 29 30 31
c __counterSharp_assertMiss#5 309 FALSE FALSE FALSE FALSE FALSE FALSE FALSE
c testfun::decision!0@1#1 32 33 34 35 36 37 38 39 40 41 42 43 44 45 46 47
c symex::nondet1 32 33 34 35 36 37 38 39 40 41 42 43 44 45 46 47
c __counterSharp_assertMiss#4 307 FALSE FALSE FALSE FALSE FALSE FALSE FALSE
c testfun::1::result!0@1#2 303 FALSE FALSE FALSE FALSE FALSE FALSE FALSE FALSE FALSE FALSE FALSE FALSE FALSE FALSE FALSE
c symex::nondet2 119 120 121 122 123 124 125 126 127 128 129 130 131 132 133 134 135 136 137 138 139 140 141 142 143 144 145 146 147 148 149 150
c credit#return_value!0#4 303 FALSE FALSE FALSE FALSE FALSE FALSE FALSE FALSE FALSE FALSE FALSE FALSE FALSE FALSE FALSE
c __CPROVER__start::amount!0#2 16 17 18 19 20 21 22 23 24 25 26 27 28 29 30 31
c symex::args::2 344 345 346 347 348 349 350 351 352 353 354 355 356 357 358 359
c short_to_range#return_value!0#5 219 220 221 222 223 224 225 226 227 228 229 230 231 232 233 234
c credit::gender!0@1#1 251 252 253 254 255 256 257 258 259 260 261 262 263 264 265 266
c credit::amount!0@1#1 16 17 18 19 20 21 22 23 24 25 26 27 28 29 30 31
c credit::1::__counterSharp_returnVal!0@1#2 -302 FALSE FALSE FALSE FALSE FALSE FALSE FALSE FALSE FALSE FALSE FALSE FALSE FALSE FALSE FALSE
c credit#return_value!0#1 -302 FALSE FALSE FALSE FALSE FALSE FALSE FALSE FALSE FALSE FALSE FALSE FALSE FALSE FALSE FALSE
c __counterSharp_assumeMiss#7 308 FALSE FALSE FALSE FALSE FALSE FALSE FALSE
c credit::1::__counterSharp_returnVal!0@1#5 302 FALSE FALSE FALSE FALSE FALSE FALSE FALSE FALSE FALSE FALSE FALSE FALSE FALSE FALSE FALSE
c __counterSharp_assertMiss#3 14 FALSE FALSE FALSE FALSE FALSE FALSE FALSE
c __counterSharp_assumeMiss#6 2 FALSE FALSE FALSE FALSE FALSE FALSE FALSE

